{
  "bones_map": [
    {
      "name": "root",
      "index": 0,
      "binding_pose": {
        "scale": {
          "x": 1.0,
          "y": 1.0,
          "z": 1.0
        },
        "rotation": {
        },
        "position": {
        }
      },
      "tpose_matrix": {
      }
    },
    {
      "name": "biped",
      "index": 1,
      "binding_pose": {
        "scale": {
          "x": 1.0,
          "y": 1.0,
          "z": 1.0
        },
        "rotation": {
          "z": -0.707106,
          "w": 0.707107
        },
        "position": {
          "y": 0.031153,
          "z": 1.09281
        }
      },
      "tpose_matrix": {
        "v0": 0.000001,
        "v1": -1.0,
        "v3": 0.031153,
        "v4": 1.0,
        "v5": 0.000001,
        "v7": -0.0,
        "v11": -1.09281
      }
    },
    {
      "name": "biped Pelvis",
      "index": 2,
      "binding_pose": {
        "scale": {
          "x": 1.0,
          "y": 1.0,
          "z": 1.0
        },
        "rotation": {
          "x": -0.5,
          "y": -0.5,
          "z": -0.499999,
          "w": 0.500001
        },
        "position": {
          "x": -0.00763,
          "y": 0.0
        }
      },
      "tpose_matrix": {
        "v0": 0.0,
        "v1": -0.000001,
        "v2": 1.0,
        "v3": -1.09281,
        "v4": 0.000003,
        "v5": -1.0,
        "v6": -0.000001,
        "v7": 0.038784,
        "v8": 1.0,
        "v9": 0.000003,
        "v10": 0.0,
        "v11": -0.0
      },
      "parent_index": 1
    },
    {
      "name": "biped Spine",
      "index": 3,
      "binding_pose": {
        "scale": {
          "x": 1.0,
          "y": 1.0,
          "z": 1.0
        },
        "rotation": {
          "x": -0.000002,
          "y": -0.000001,
          "z": -0.009041,
          "w": 0.999959
        },
        "position": {
          "x": 0.11516,
          "y": 0.013595,
          "z": 0.0
        }
      },
      "tpose_matrix": {
        "v0": 0.000001,
        "v1": 0.01808,
        "v2": 0.999837,
        "v3": -1.208228,
        "v4": -0.000001,
        "v5": -0.999837,
        "v6": 0.01808,
        "v7": 0.003343,
        "v8": 1.0,
        "v9": -0.000001,
        "v10": -0.000001,
        "v11": 0.000002
      },
      "parent_index": 2
    },
    {
      "name": "biped Spine1",
      "index": 4,
      "binding_pose": {
        "scale": {
          "x": 1.0,
          "y": 1.0,
          "z": 1.0
        },
        "rotation": {
          "x": 0.0,
          "y": 0.0,
          "z": -0.02757,
          "w": 0.99962
        },
        "position": {
          "x": 0.148616,
          "y": -0.000109,
          "z": -0.0
        }
      },
      "tpose_matrix": {
        "v0": 0.000001,
        "v1": 0.073163,
        "v2": 0.99732,
        "v3": -1.354972,
        "v4": -0.000001,
        "v5": -0.99732,
        "v6": 0.073163,
        "v7": -0.071341,
        "v8": 1.0,
        "v9": -0.000001,
        "v10": -0.000001,
        "v11": 0.000001
      },
      "parent_index": 3
    },
    {
      "name": "biped Spine2",
      "index": 5,
      "binding_pose": {
        "scale": {
          "x": 1.0,
          "y": 1.0,
          "z": 1.0
        },
        "rotation": {
          "x": 0.0,
          "y": 0.0,
          "z": -0.059556,
          "w": 0.998225
        },
        "position": {
          "x": 0.1373,
          "y": -0.000162,
          "z": 0.0
        }
      },
      "tpose_matrix": {
        "v0": 0.000001,
        "v1": 0.191225,
        "v2": 0.981546,
        "v3": -1.473223,
        "v4": -0.000001,
        "v5": -0.981546,
        "v6": 0.191225,
        "v7": -0.248104,
        "v8": 1.0,
        "v9": -0.000001,
        "v10": -0.000001,
        "v11": 0.000001
      },
      "parent_index": 4
    },
    {
      "name": "biped Neck",
      "index": 6,
      "binding_pose": {
        "scale": {
          "x": 1.0,
          "y": 1.0,
          "z": 1.0
        },
        "rotation": {
          "x": -0.0,
          "y": -0.000001,
          "z": 0.204382,
          "w": 0.978891
        },
        "position": {
          "x": 0.211675,
          "y": -0.012704,
          "z": 0.0
        }
      },
      "tpose_matrix": {
        "v0": 0.000002,
        "v1": -0.217503,
        "v2": 0.97606,
        "v3": -1.638327,
        "v4": -0.000002,
        "v5": -0.97606,
        "v6": -0.217503,
        "v7": 0.458455,
        "v8": 1.0,
        "v9": -0.000001,
        "v10": -0.000002,
        "v11": 0.000003
      },
      "parent_index": 5
    },
    {
      "name": "biped Head",
      "index": 7,
      "binding_pose": {
        "scale": {
          "x": 1.0,
          "y": 1.0,
          "z": 1.0
        },
        "rotation": {
          "x": 0.0,
          "y": -0.0,
          "z": -0.027286,
          "w": 0.999628
        },
        "position": {
          "x": 0.103621,
          "y": 0.000001,
          "z": -0.0
        }
      },
      "tpose_matrix": {
        "v0": 0.000002,
        "v1": -0.163933,
        "v2": 0.986472,
        "v3": -1.764364,
        "v4": -0.000001,
        "v5": -0.986472,
        "v6": -0.163933,
        "v7": 0.362745,
        "v8": 1.0,
        "v9": -0.000001,
        "v10": -0.000002,
        "v11": 0.000002
      },
      "parent_index": 6
    },
    {
      "name": "biped R Clavicle",
      "index": 8,
      "binding_pose": {
        "scale": {
          "x": 1.0,
          "y": 1.0,
          "z": 1.0
        },
        "rotation": {
          "x": -0.574885,
          "y": 0.029543,
          "z": 0.817449,
          "w": -0.020291
        },
        "position": {
          "x": 0.176122,
          "y": -0.020459,
          "z": -0.04865
        }
      },
      "tpose_matrix": {
        "v0": -0.93868,
        "v1": 0.001233,
        "v2": -0.344789,
        "v3": 0.527411,
        "v4": 0.071631,
        "v5": 0.978873,
        "v6": -0.191513,
        "v7": 0.231854,
        "v8": 0.337268,
        "v9": -0.204466,
        "v10": -0.918936,
        "v11": 1.562885
      },
      "parent_index": 5
    },
    {
      "name": "biped R UpperArm",
      "index": 9,
      "binding_pose": {
        "scale": {
          "x": 1.0,
          "y": 1.0,
          "z": 1.0
        },
        "rotation": {
          "x": -0.042495,
          "y": -0.284909,
          "z": 0.032749,
          "w": 0.957052
        },
        "position": {
          "x": 0.157585,
          "y": -0.000001,
          "z": -0.000004
        }
      },
      "tpose_matrix": {
        "v0": -0.595062,
        "v1": -0.024842,
        "v2": -0.803296,
        "v3": 1.177105,
        "v4": 0.073603,
        "v5": 0.993637,
        "v6": -0.085251,
        "v7": 0.060002,
        "v8": 0.800303,
        "v9": -0.109855,
        "v10": -0.589447,
        "v11": 1.115336
      },
      "parent_index": 8
    },
    {
      "name": "biped R Forearm",
      "index": 10,
      "binding_pose": {
        "scale": {
          "x": 1.0,
          "y": 1.0,
          "z": 1.0
        },
        "rotation": {
          "x": 0.0,
          "y": 0.0,
          "z": -0.11644,
          "w": 0.993198
        },
        "position": {
          "x": 0.296117,
          "y": -0.0,
          "z": -0.0
        }
      },
      "tpose_matrix": {
        "v0": -0.59595,
        "v1": -0.253993,
        "v2": -0.761795,
        "v3": 0.843219,
        "v4": -0.066028,
        "v5": 0.960947,
        "v6": -0.268739,
        "v7": 0.262145,
        "v8": 0.800302,
        "v9": -0.109855,
        "v10": -0.589447,
        "v11": 1.115336
      },
      "parent_index": 9
    },
    {
      "name": "biped R Hand",
      "index": 11,
      "binding_pose": {
        "scale": {
          "x": 1.0,
          "y": 1.0,
          "z": 1.0
        },
        "rotation": {
          "x": 0.739991,
          "y": -0.102489,
          "z": 0.088158,
          "w": 0.658891
        },
        "position": {
          "x": 0.261799,
          "y": 0.000001,
          "z": 0.000004
        }
      },
      "tpose_matrix": {
        "v0": -0.359318,
        "v1": -0.308,
        "v2": -0.880924,
        "v3": 0.847015,
        "v4": 0.932889,
        "v5": -0.143499,
        "v6": -0.330342,
        "v7": 0.882699,
        "v8": -0.024666,
        "v9": -0.940502,
        "v10": 0.338892,
        "v11": -0.392611
      },
      "parent_index": 10
    },
    {
      "name": "biped R Finger0",
      "index": 12,
      "binding_pose": {
        "scale": {
          "x": 1.0,
          "y": 1.0,
          "z": 1.0
        },
        "rotation": {
          "x": -0.702352,
          "y": -0.435077,
          "z": -0.160281,
          "w": 0.54011
        },
        "position": {
          "x": 0.013488,
          "y": 0.024816,
          "z": 0.037682
        }
      },
      "tpose_matrix": {
        "v0": 0.18665,
        "v1": -0.892194,
        "v2": -0.411281,
        "v3": 0.551799,
        "v4": -0.301966,
        "v5": 0.346271,
        "v6": -0.888208,
        "v7": 0.887598,
        "v8": 0.934868,
        "v9": 0.289977,
        "v10": -0.20478,
        "v11": 0.723582
      },
      "parent_index": 11
    },
    {
      "name": "biped R Finger01",
      "index": 13,
      "binding_pose": {
        "scale": {
          "x": 1.0,
          "y": 1.0,
          "z": 1.0
        },
        "rotation": {
          "x": 0.001244,
          "y": -0.006948,
          "z": 0.178903,
          "w": 0.983841
        },
        "position": {
          "x": 0.04897,
          "y": -0.000001,
          "z": 0.0
        }
      },
      "tpose_matrix": {
        "v0": 0.081588,
        "v1": -0.709013,
        "v2": -0.70046,
        "v3": 0.793248,
        "v4": -0.34838,
        "v5": 0.638182,
        "v6": -0.686553,
        "v7": 0.653734,
        "v8": 0.933796,
        "v9": 0.300041,
        "v10": -0.194938,
        "v11": 0.712479
      },
      "parent_index": 12
    },
    {
      "name": "biped R Finger02",
      "index": 14,
      "binding_pose": {
        "scale": {
          "x": 1.0,
          "y": 1.0,
          "z": 1.0
        },
        "rotation": {
          "x": -0.005472,
          "y": 0.006485,
          "z": 0.050849,
          "w": 0.99867
        },
        "position": {
          "x": 0.043058,
          "y": -0.000001,
          "z": -0.0
        }
      },
      "tpose_matrix": {
        "v0": 0.033187,
        "v1": -0.64457,
        "v2": -0.763825,
        "v3": 0.802971,
        "v4": -0.364439,
        "v5": 0.703822,
        "v6": -0.60977,
        "v7": 0.566754,
        "v8": 0.930636,
        "v9": 0.298604,
        "v10": -0.211549,
        "v11": 0.729252
      },
      "parent_index": 13
    },
    {
      "name": "biped R Finger1",
      "index": 15,
      "binding_pose": {
        "scale": {
          "x": 1.0,
          "y": 1.0,
          "z": 1.0
        },
        "rotation": {
          "x": -0.128978,
          "y": -0.057037,
          "z": 0.202929,
          "w": 0.968985
        },
        "position": {
          "x": 0.114085,
          "y": 0.009131,
          "z": 0.057325
        }
      },
      "tpose_matrix": {
        "v0": 0.051782,
        "v1": -0.393902,
        "v2": -0.917693,
        "v3": 0.998016,
        "v4": 0.967777,
        "v5": 0.246544,
        "v6": -0.051216,
        "v7": 0.61798,
        "v8": 0.246426,
        "v9": -0.88547,
        "v10": 0.393976,
        "v11": -0.353291
      },
      "parent_index": 11
    },
    {
      "name": "biped R Finger11",
      "index": 16,
      "binding_pose": {
        "scale": {
          "x": 1.0,
          "y": 1.0,
          "z": 1.0
        },
        "rotation": {
          "x": -0.004375,
          "y": 0.011576,
          "z": 0.171652,
          "w": 0.98508
        },
        "position": {
          "x": 0.049689,
          "y": -0.0,
          "z": -0.000003
        }
      },
      "tpose_matrix": {
        "v0": 0.369913,
        "v1": -0.265708,
        "v2": -0.890261,
        "v3": 1.109704,
        "v4": 0.892049,
        "v5": 0.369369,
        "v6": 0.260414,
        "v7": 0.262378,
        "v8": 0.259641,
        "v9": -0.890486,
        "v10": 0.373659,
        "v11": -0.325194
      },
      "parent_index": 15
    },
    {
      "name": "biped R Finger12",
      "index": 17,
      "binding_pose": {
        "scale": {
          "x": 1.0,
          "y": 1.0,
          "z": 1.0
        },
        "rotation": {
          "x": 0.001618,
          "y": -0.001343,
          "z": 0.046647,
          "w": 0.998909
        },
        "position": {
          "x": 0.03179,
          "y": 0.000002,
          "z": 0.000002
        }
      },
      "tpose_matrix": {
        "v0": 0.452166,
        "v1": -0.232655,
        "v2": -0.861057,
        "v3": 1.096748,
        "v4": 0.854494,
        "v5": 0.389757,
        "v6": 0.343409,
        "v7": 0.159765,
        "v8": 0.255707,
        "v9": -0.891045,
        "v10": 0.375037,
        "v11": -0.328805
      },
      "parent_index": 16
    },
    {
      "name": "biped R Finger2",
      "index": 18,
      "binding_pose": {
        "scale": {
          "x": 1.0,
          "y": 1.0,
          "z": 1.0
        },
        "rotation": {
          "x": -0.020291,
          "y": 0.003597,
          "z": 0.243103,
          "w": 0.969782
        },
        "position": {
          "x": 0.121951,
          "y": -0.00016,
          "z": 0.023331
        }
      },
      "tpose_matrix": {
        "v0": 0.123311,
        "v1": -0.323387,
        "v2": -0.938198,
        "v3": 1.062501,
        "v4": 0.992259,
        "v5": 0.054221,
        "v6": 0.111727,
        "v7": 0.451439,
        "v8": 0.014739,
        "v9": -0.944712,
        "v10": 0.32757,
        "v11": -0.381394
      },
      "parent_index": 11
    },
    {
      "name": "biped R Finger21",
      "index": 19,
      "binding_pose": {
        "scale": {
          "x": 1.0,
          "y": 1.0,
          "z": 1.0
        },
        "rotation": {
          "x": -0.000721,
          "y": 0.011925,
          "z": 0.216046,
          "w": 0.97631
        },
        "position": {
          "x": 0.053923,
          "y": 0.0,
          "z": 0.000002
        }
      },
      "tpose_matrix": {
        "v0": 0.52999,
        "v1": -0.247942,
        "v2": -0.810947,
        "v3": 1.113572,
        "v4": 0.847662,
        "v5": 0.18205,
        "v6": 0.498324,
        "v7": -0.017624,
        "v8": 0.024078,
        "v9": -0.951516,
        "v10": 0.306656,
        "v11": -0.355154
      },
      "parent_index": 18
    },
    {
      "name": "biped R Finger22",
      "index": 20,
      "binding_pose": {
        "scale": {
          "x": 1.0,
          "y": 1.0,
          "z": 1.0
        },
        "rotation": {
          "x": 0.003417,
          "y": 0.008253,
          "z": 0.068877,
          "w": 0.997585
        },
        "position": {
          "x": 0.036881,
          "y": -0.000002,
          "z": -0.000001
        }
      },
      "tpose_matrix": {
        "v0": 0.641039,
        "v1": -0.205307,
        "v2": -0.739539,
        "v3": 1.069587,
        "v4": 0.766989,
        "v5": 0.206808,
        "v6": 0.60742,
        "v7": -0.16818,
        "v8": 0.028235,
        "v9": -0.956598,
        "v10": 0.29004,
        "v11": -0.33676
      },
      "parent_index": 19
    },
    {
      "name": "biped R Finger3",
      "index": 21,
      "binding_pose": {
        "scale": {
          "x": 1.0,
          "y": 1.0,
          "z": 1.0
        },
        "rotation": {
          "x": 0.035084,
          "y": 0.048921,
          "z": 0.31852,
          "w": 0.946003
        },
        "position": {
          "x": 0.122512,
          "y": -0.000012,
          "z": -0.011713
        }
      },
      "tpose_matrix": {
        "v0": 0.282443,
        "v1": -0.26497,
        "v2": -0.921964,
        "v3": 1.135756,
        "v4": 0.954201,
        "v5": -0.021212,
        "v6": 0.298415,
        "v7": 0.230145,
        "v8": -0.098628,
        "v9": -0.964024,
        "v10": 0.246843,
        "v11": -0.325971
      },
      "parent_index": 11
    },
    {
      "name": "biped R Finger31",
      "index": 22,
      "binding_pose": {
        "scale": {
          "x": 1.0,
          "y": 1.0,
          "z": 1.0
        },
        "rotation": {
          "x": -0.001533,
          "y": 0.009452,
          "z": 0.177169,
          "w": 0.984134
        },
        "position": {
          "x": 0.049438,
          "y": 0.0,
          "z": 0.0
        }
      },
      "tpose_matrix": {
        "v0": 0.599267,
        "v1": -0.237227,
        "v2": -0.764593,
        "v3": 1.104417,
        "v4": 0.79576,
        "v5": 0.072206,
        "v6": 0.601292,
        "v7": -0.163261,
        "v8": -0.087435,
        "v9": -0.968767,
        "v10": 0.232046,
        "v11": -0.304827
      },
      "parent_index": 21
    },
    {
      "name": "biped R Finger32",
      "index": 23,
      "binding_pose": {
        "scale": {
          "x": 1.0,
          "y": 1.0,
          "z": 1.0
        },
        "rotation": {
          "x": -0.001827,
          "y": 0.004182,
          "z": 0.032291,
          "w": 0.999468
        },
        "position": {
          "x": 0.034658,
          "y": -0.000001,
          "z": -0.000001
        }
      },
      "tpose_matrix": {
        "v0": 0.65009,
        "v1": -0.223852,
        "v2": -0.726136,
        "v3": 1.059539,
        "v4": 0.755701,
        "v5": 0.090646,
        "v6": 0.648614,
        "v7": -0.230955,
        "v8": -0.079372,
        "v9": -0.970399,
        "v10": 0.228093,
        "v11": -0.296638
      },
      "parent_index": 22
    },
    {
      "name": "biped R Finger4",
      "index": 24,
      "binding_pose": {
        "scale": {
          "x": 1.0,
          "y": 1.0,
          "z": 1.0
        },
        "rotation": {
          "x": 0.077937,
          "y": 0.105965,
          "z": 0.33459,
          "w": 0.933138
        },
        "position": {
          "x": 0.118476,
          "y": 0.008547,
          "z": -0.044077
        }
      },
      "tpose_matrix": {
        "v0": 0.330733,
        "v1": -0.187156,
        "v2": -0.92498,
        "v3": 1.160097,
        "v4": 0.925782,
        "v5": -0.125876,
        "v6": 0.356489,
        "v7": 0.149508,
        "v8": -0.183151,
        "v9": -0.974232,
        "v10": 0.131635,
        "v11": -0.219563
      },
      "parent_index": 11
    },
    {
      "name": "biped R Finger41",
      "index": 25,
      "binding_pose": {
        "scale": {
          "x": 1.0,
          "y": 1.0,
          "z": 1.0
        },
        "rotation": {
          "x": 0.000383,
          "y": -0.001946,
          "z": 0.164487,
          "w": 0.986377
        },
        "position": {
          "x": 0.035493,
          "y": 0.0,
          "z": 0.0
        }
      },
      "tpose_matrix": {
        "v0": 0.612516,
        "v1": -0.221736,
        "v2": -0.758721,
        "v3": 1.111384,
        "v4": 0.768343,
        "v5": -0.058446,
        "v6": 0.637364,
        "v7": -0.223536,
        "v8": -0.185671,
        "v9": -0.973354,
        "v10": 0.13457,
        "v11": -0.223946
      },
      "parent_index": 24
    },
    {
      "name": "biped R Finger42",
      "index": 26,
      "binding_pose": {
        "scale": {
          "x": 1.0,
          "y": 1.0,
          "z": 1.0
        },
        "rotation": {
          "x": 0.000619,
          "y": -0.004993,
          "z": 0.12308,
          "w": 0.992384
        },
        "position": {
          "x": 0.031262,
          "y": -0.000002,
          "z": -0.000001
        }
      },
      "tpose_matrix": {
        "v0": 0.77975,
        "v1": -0.239078,
        "v2": -0.578647,
        "v3": 0.990486,
        "v4": 0.595431,
        "v5": -0.002507,
        "v6": 0.803403,
        "v7": -0.480627,
        "v8": -0.193526,
        "v9": -0.970997,
        "v10": 0.140399,
        "v11": -0.233923
      },
      "parent_index": 25
    },
    {
      "name": "biped R ForeTwist",
      "index": 27,
      "binding_pose": {
        "scale": {
          "x": 1.0,
          "y": 1.0,
          "z": 1.0
        },
        "rotation": {
          "x": 0.028909,
          "y": -0.003389,
          "z": -0.116391,
          "w": 0.992777
        },
        "position": {
          "x": 0.296117,
          "y": -0.0,
          "z": -0.0
        }
      },
      "tpose_matrix": {
        "v0": -0.59595,
        "v1": -0.253993,
        "v2": -0.761795,
        "v3": 0.843219,
        "v4": -0.019347,
        "v5": 0.952927,
        "v6": -0.302584,
        "v7": 0.326602,
        "v8": 0.802789,
        "v9": -0.165586,
        "v10": -0.572811,
        "v11": 1.098193
      },
      "parent_index": 9
    },
    {
      "name": "biped RUpArmTwist",
      "index": 28,
      "binding_pose": {
        "scale": {
          "x": 1.0,
          "y": 1.0,
          "z": 1.0
        },
        "rotation": {
          "x": -0.108578,
          "y": -0.286492,
          "z": 0.012968,
          "w": 0.951822
        },
        "position": {
          "x": 0.157585,
          "y": -0.000001,
          "z": -0.000004
        }
      },
      "tpose_matrix": {
        "v0": -0.595061,
        "v1": -0.024842,
        "v2": -0.803296,
        "v3": 1.177105,
        "v4": -0.037526,
        "v5": 0.999291,
        "v6": -0.003105,
        "v7": -0.094464,
        "v8": 0.802804,
        "v9": 0.028297,
        "v10": -0.595572,
        "v11": 1.112947
      },
      "parent_index": 8
    },
    {
      "name": "biped L Clavicle",
      "index": 29,
      "binding_pose": {
        "scale": {
          "x": 1.0,
          "y": 1.0,
          "z": 1.0
        },
        "rotation": {
          "x": 0.574885,
          "y": -0.029545,
          "z": 0.817449,
          "w": -0.020293
        },
        "position": {
          "x": 0.176122,
          "y": -0.020459,
          "z": 0.04865
        }
      },
      "tpose_matrix": {
        "v0": 0.938679,
        "v1": 0.001236,
        "v2": -0.344792,
        "v3": 0.527414,
        "v4": -0.071634,
        "v5": 0.978873,
        "v6": -0.191513,
        "v7": 0.231854,
        "v8": 0.33727,
        "v9": 0.204468,
        "v10": 0.918935,
        "v11": -1.562884
      },
      "parent_index": 5
    },
    {
      "name": "biped L UpperArm",
      "index": 30,
      "binding_pose": {
        "scale": {
          "x": 1.0,
          "y": 1.0,
          "z": 1.0
        },
        "rotation": {
          "x": 0.042495,
          "y": 0.284908,
          "z": 0.032749,
          "w": 0.957052
        },
        "position": {
          "x": 0.157585,
          "y": -0.000001,
          "z": 0.000004
        }
      },
      "tpose_matrix": {
        "v0": 0.59506,
        "v1": -0.02484,
        "v2": -0.803298,
        "v3": 1.177106,
        "v4": -0.073607,
        "v5": 0.993637,
        "v6": -0.085251,
        "v7": 0.060002,
        "v8": 0.800304,
        "v9": 0.109857,
        "v10": 0.589445,
        "v11": -1.115334
      },
      "parent_index": 29
    },
    {
      "name": "biped L Forearm",
      "index": 31,
      "binding_pose": {
        "scale": {
          "x": 1.0,
          "y": 1.0,
          "z": 1.0
        },
        "rotation": {
          "x": 0.0,
          "y": 0.0,
          "z": -0.116441,
          "w": 0.993198
        },
        "position": {
          "x": 0.296117,
          "y": -0.0
        }
      },
      "tpose_matrix": {
        "v0": 0.595949,
        "v1": -0.253992,
        "v2": -0.761796,
        "v3": 0.843221,
        "v4": 0.066025,
        "v5": 0.960947,
        "v6": -0.26874,
        "v7": 0.262146,
        "v8": 0.800304,
        "v9": 0.109857,
        "v10": 0.589445,
        "v11": -1.115334
      },
      "parent_index": 30
    },
    {
      "name": "biped L Hand",
      "index": 32,
      "binding_pose": {
        "scale": {
          "x": 1.0,
          "y": 1.0,
          "z": 1.0
        },
        "rotation": {
          "x": -0.739991,
          "y": 0.102488,
          "z": 0.088158,
          "w": 0.658892
        },
        "position": {
          "x": 0.261799,
          "y": 0.000002,
          "z": -0.000004
        }
      },
      "tpose_matrix": {
        "v0": 0.359317,
        "v1": -0.307998,
        "v2": -0.880925,
        "v3": 0.847016,
        "v4": -0.93289,
        "v5": -0.143502,
        "v6": -0.33034,
        "v7": 0.882697,
        "v8": -0.02467,
        "v9": 0.940502,
        "v10": -0.338891,
        "v11": 0.39261
      },
      "parent_index": 31
    },
    {
      "name": "biped L Finger0",
      "index": 33,
      "binding_pose": {
        "scale": {
          "x": 1.0,
          "y": 1.0,
          "z": 1.0
        },
        "rotation": {
          "x": 0.702352,
          "y": 0.435078,
          "z": -0.160281,
          "w": 0.54011
        },
        "position": {
          "x": 0.013489,
          "y": 0.024816,
          "z": -0.037682
        }
      },
      "tpose_matrix": {
        "v0": -0.186649,
        "v1": -0.892195,
        "v2": -0.41128,
        "v3": 0.551798,
        "v4": 0.301962,
        "v5": 0.346271,
        "v6": -0.888209,
        "v7": 0.887599,
        "v8": 0.93487,
        "v9": -0.289974,
        "v10": 0.204777,
        "v11": -0.723579
      },
      "parent_index": 32
    },
    {
      "name": "biped L Finger01",
      "index": 34,
      "binding_pose": {
        "scale": {
          "x": 1.0,
          "y": 1.0,
          "z": 1.0
        },
        "rotation": {
          "x": -0.001244,
          "y": 0.006948,
          "z": 0.178903,
          "w": 0.983841
        },
        "position": {
          "x": 0.04897,
          "y": -0.000001,
          "z": -0.000001
        }
      },
      "tpose_matrix": {
        "v0": -0.081587,
        "v1": -0.709013,
        "v2": -0.700459,
        "v3": 0.793247,
        "v4": 0.348376,
        "v5": 0.638183,
        "v6": -0.686554,
        "v7": 0.653735,
        "v8": 0.933798,
        "v9": -0.300037,
        "v10": 0.194936,
        "v11": -0.712477
      },
      "parent_index": 33
    },
    {
      "name": "biped L Finger02",
      "index": 35,
      "binding_pose": {
        "scale": {
          "x": 1.0,
          "y": 1.0,
          "z": 1.0
        },
        "rotation": {
          "x": 0.005472,
          "y": -0.006485,
          "z": 0.050849,
          "w": 0.99867
        },
        "position": {
          "x": 0.043058,
          "y": -0.000001,
          "z": 0.0
        }
      },
      "tpose_matrix": {
        "v0": -0.033187,
        "v1": -0.64457,
        "v2": -0.763825,
        "v3": 0.802971,
        "v4": 0.364435,
        "v5": 0.703823,
        "v6": -0.609771,
        "v7": 0.566755,
        "v8": 0.930637,
        "v9": -0.298601,
        "v10": 0.211546,
        "v11": -0.729249
      },
      "parent_index": 34
    },
    {
      "name": "biped L Finger1",
      "index": 36,
      "binding_pose": {
        "scale": {
          "x": 1.0,
          "y": 1.0,
          "z": 1.0
        },
        "rotation": {
          "x": 0.128977,
          "y": 0.057038,
          "z": 0.202929,
          "w": 0.968985
        },
        "position": {
          "x": 0.114086,
          "y": 0.00913,
          "z": -0.057325
        }
      },
      "tpose_matrix": {
        "v0": -0.051783,
        "v1": -0.393902,
        "v2": -0.917693,
        "v3": 0.998016,
        "v4": -0.967778,
        "v5": 0.246541,
        "v6": -0.051214,
        "v7": 0.617978,
        "v8": 0.246422,
        "v9": 0.885471,
        "v10": -0.393976,
        "v11": 0.353291
      },
      "parent_index": 32
    },
    {
      "name": "biped L Finger11",
      "index": 37,
      "binding_pose": {
        "scale": {
          "x": 1.0,
          "y": 1.0,
          "z": 1.0
        },
        "rotation": {
          "x": 0.004375,
          "y": -0.011576,
          "z": 0.171652,
          "w": 0.98508
        },
        "position": {
          "x": 0.049689,
          "y": 0.000001,
          "z": 0.000002
        }
      },
      "tpose_matrix": {
        "v0": -0.369914,
        "v1": -0.26571,
        "v2": -0.890259,
        "v3": 1.109703,
        "v4": -0.892049,
        "v5": 0.369366,
        "v6": 0.260416,
        "v7": 0.262375,
        "v8": 0.259637,
        "v9": 0.890487,
        "v10": -0.37366,
        "v11": 0.325196
      },
      "parent_index": 36
    },
    {
      "name": "biped L Finger12",
      "index": 38,
      "binding_pose": {
        "scale": {
          "x": 1.0,
          "y": 1.0,
          "z": 1.0
        },
        "rotation": {
          "x": -0.001617,
          "y": 0.001343,
          "z": 0.046647,
          "w": 0.998909
        },
        "position": {
          "x": 0.03179,
          "y": 0.000001,
          "z": -0.000002
        }
      },
      "tpose_matrix": {
        "v0": -0.452167,
        "v1": -0.232656,
        "v2": -0.861055,
        "v3": 1.096747,
        "v4": -0.854495,
        "v5": 0.389754,
        "v6": 0.343411,
        "v7": 0.159763,
        "v8": 0.255703,
        "v9": 0.891046,
        "v10": -0.375037,
        "v11": 0.328805
      },
      "parent_index": 37
    },
    {
      "name": "biped L Finger2",
      "index": 39,
      "binding_pose": {
        "scale": {
          "x": 1.0,
          "y": 1.0,
          "z": 1.0
        },
        "rotation": {
          "x": 0.020291,
          "y": -0.003597,
          "z": 0.243103,
          "w": 0.969782
        },
        "position": {
          "x": 0.121951,
          "y": -0.00016,
          "z": -0.023331
        }
      },
      "tpose_matrix": {
        "v0": -0.123312,
        "v1": -0.323388,
        "v2": -0.938198,
        "v3": 1.0625,
        "v4": -0.992259,
        "v5": 0.054218,
        "v6": 0.111729,
        "v7": 0.451436,
        "v8": 0.014735,
        "v9": 0.944712,
        "v10": -0.32757,
        "v11": 0.381394
      },
      "parent_index": 32
    },
    {
      "name": "biped L Finger21",
      "index": 40,
      "binding_pose": {
        "scale": {
          "x": 1.0,
          "y": 1.0,
          "z": 1.0
        },
        "rotation": {
          "x": 0.000722,
          "y": -0.011925,
          "z": 0.216046,
          "w": 0.97631
        },
        "position": {
          "x": 0.053923,
          "y": 0.000001,
          "z": -0.000002
        }
      },
      "tpose_matrix": {
        "v0": -0.529991,
        "v1": -0.247944,
        "v2": -0.810946,
        "v3": 1.11357,
        "v4": -0.847661,
        "v5": 0.182048,
        "v6": 0.498326,
        "v7": -0.017626,
        "v8": 0.024074,
        "v9": 0.951516,
        "v10": -0.306656,
        "v11": 0.355155
      },
      "parent_index": 39
    },
    {
      "name": "biped L Finger22",
      "index": 41,
      "binding_pose": {
        "scale": {
          "x": 1.0,
          "y": 1.0,
          "z": 1.0
        },
        "rotation": {
          "x": -0.003417,
          "y": -0.008254,
          "z": 0.068878,
          "w": 0.997585
        },
        "position": {
          "x": 0.036881,
          "y": -0.000002,
          "z": 0.000001
        }
      },
      "tpose_matrix": {
        "v0": -0.641041,
        "v1": -0.205309,
        "v2": -0.739537,
        "v3": 1.069585,
        "v4": -0.766988,
        "v5": 0.206806,
        "v6": 0.607422,
        "v7": -0.168183,
        "v8": 0.028232,
        "v9": 0.956598,
        "v10": -0.29004,
        "v11": 0.33676
      },
      "parent_index": 40
    },
    {
      "name": "biped L Finger3",
      "index": 42,
      "binding_pose": {
        "scale": {
          "x": 1.0,
          "y": 1.0,
          "z": 1.0
        },
        "rotation": {
          "x": -0.035084,
          "y": -0.04892,
          "z": 0.31852,
          "w": 0.946003
        },
        "position": {
          "x": 0.122513,
          "y": -0.000012,
          "z": 0.011713
        }
      },
      "tpose_matrix": {
        "v0": -0.282444,
        "v1": -0.264971,
        "v2": -0.921963,
        "v3": 1.135755,
        "v4": -0.9542,
        "v5": -0.021216,
        "v6": 0.298417,
        "v7": 0.230142,
        "v8": -0.098632,
        "v9": 0.964023,
        "v10": -0.246843,
        "v11": 0.325971
      },
      "parent_index": 32
    },
    {
      "name": "biped L Finger31",
      "index": 43,
      "binding_pose": {
        "scale": {
          "x": 1.0,
          "y": 1.0,
          "z": 1.0
        },
        "rotation": {
          "x": 0.001533,
          "y": -0.009452,
          "z": 0.177169,
          "w": 0.984134
        },
        "position": {
          "x": 0.049438,
          "y": 0.0,
          "z": -0.0
        }
      },
      "tpose_matrix": {
        "v0": -0.599269,
        "v1": -0.237228,
        "v2": -0.764591,
        "v3": 1.104415,
        "v4": -0.795759,
        "v5": 0.072203,
        "v6": 0.601294,
        "v7": -0.163264,
        "v8": -0.087438,
        "v9": 0.968767,
        "v10": -0.232046,
        "v11": 0.304826
      },
      "parent_index": 42
    },
    {
      "name": "biped L Finger32",
      "index": 44,
      "binding_pose": {
        "scale": {
          "x": 1.0,
          "y": 1.0,
          "z": 1.0
        },
        "rotation": {
          "x": 0.001826,
          "y": -0.004182,
          "z": 0.032291,
          "w": 0.999468
        },
        "position": {
          "x": 0.034658,
          "y": -0.000001,
          "z": 0.000001
        }
      },
      "tpose_matrix": {
        "v0": -0.650091,
        "v1": -0.223854,
        "v2": -0.726134,
        "v3": 1.059537,
        "v4": -0.755699,
        "v5": 0.090644,
        "v6": 0.648616,
        "v7": -0.230958,
        "v8": -0.079376,
        "v9": 0.970399,
        "v10": -0.228093,
        "v11": 0.296638
      },
      "parent_index": 43
    },
    {
      "name": "biped L Finger4",
      "index": 45,
      "binding_pose": {
        "scale": {
          "x": 1.0,
          "y": 1.0,
          "z": 1.0
        },
        "rotation": {
          "x": -0.077937,
          "y": -0.105964,
          "z": 0.33459,
          "w": 0.933138
        },
        "position": {
          "x": 0.118477,
          "y": 0.008547,
          "z": 0.044077
        }
      },
      "tpose_matrix": {
        "v0": -0.330735,
        "v1": -0.187157,
        "v2": -0.924979,
        "v3": 1.160096,
        "v4": -0.92578,
        "v5": -0.125878,
        "v6": 0.356491,
        "v7": 0.149505,
        "v8": -0.183155,
        "v9": 0.974232,
        "v10": -0.131634,
        "v11": 0.219563
      },
      "parent_index": 32
    },
    {
      "name": "biped L Finger41",
      "index": 46,
      "binding_pose": {
        "scale": {
          "x": 1.0,
          "y": 1.0,
          "z": 1.0
        },
        "rotation": {
          "x": -0.000384,
          "y": 0.001946,
          "z": 0.164487,
          "w": 0.986377
        },
        "position": {
          "x": 0.035493,
          "y": 0.0,
          "z": -0.0
        }
      },
      "tpose_matrix": {
        "v0": -0.612517,
        "v1": -0.221738,
        "v2": -0.75872,
        "v3": 1.111382,
        "v4": -0.768341,
        "v5": -0.058449,
        "v6": 0.637366,
        "v7": -0.223538,
        "v8": -0.185675,
        "v9": 0.973353,
        "v10": -0.134569,
        "v11": 0.223946
      },
      "parent_index": 45
    },
    {
      "name": "biped L Finger42",
      "index": 47,
      "binding_pose": {
        "scale": {
          "x": 1.0,
          "y": 1.0,
          "z": 1.0
        },
        "rotation": {
          "x": -0.000619,
          "y": 0.004993,
          "z": 0.12308,
          "w": 0.992384
        },
        "position": {
          "x": 0.031261,
          "y": -0.000001,
          "z": 0.000001
        }
      },
      "tpose_matrix": {
        "v0": -0.779751,
        "v1": -0.23908,
        "v2": -0.578645,
        "v3": 0.990484,
        "v4": -0.595429,
        "v5": -0.002509,
        "v6": 0.803404,
        "v7": -0.480629,
        "v8": -0.19353,
        "v9": 0.970997,
        "v10": -0.140399,
        "v11": 0.233923
      },
      "parent_index": 46
    },
    {
      "name": "biped L ForeTwist",
      "index": 48,
      "binding_pose": {
        "scale": {
          "x": 1.0,
          "y": 1.0,
          "z": 1.0
        },
        "rotation": {
          "x": -0.028909,
          "y": 0.003389,
          "z": -0.116391,
          "w": 0.992777
        },
        "position": {
          "x": 0.296117,
          "y": -0.0
        }
      },
      "tpose_matrix": {
        "v0": 0.595948,
        "v1": -0.253992,
        "v2": -0.761797,
        "v3": 0.843222,
        "v4": 0.019344,
        "v5": 0.952927,
        "v6": -0.302584,
        "v7": 0.326602,
        "v8": 0.80279,
        "v9": 0.165588,
        "v10": 0.572808,
        "v11": -1.09819
      },
      "parent_index": 30
    },
    {
      "name": "biped LUpArmTwist",
      "index": 49,
      "binding_pose": {
        "scale": {
          "x": 1.0,
          "y": 1.0,
          "z": 1.0
        },
        "rotation": {
          "x": 0.108578,
          "y": 0.286491,
          "z": 0.012968,
          "w": 0.951822
        },
        "position": {
          "x": 0.157585,
          "y": -0.000001,
          "z": 0.000004
        }
      },
      "tpose_matrix": {
        "v0": 0.59506,
        "v1": -0.02484,
        "v2": -0.803298,
        "v3": 1.177106,
        "v4": 0.037522,
        "v5": 0.999291,
        "v6": -0.003105,
        "v7": -0.094464,
        "v8": 0.802805,
        "v9": -0.028294,
        "v10": 0.59557,
        "v11": -1.112945
      },
      "parent_index": 29
    },
    {
      "name": "biped R Thigh",
      "index": 50,
      "binding_pose": {
        "scale": {
          "x": 1.0,
          "y": 1.0,
          "z": 1.0
        },
        "rotation": {
          "x": -0.033325,
          "y": 0.996972,
          "z": -0.057799,
          "w": 0.03994
        },
        "position": {
          "x": 0.0,
          "y": -0.0,
          "z": -0.099496
        }
      },
      "tpose_matrix": {
        "v0": -0.075787,
        "v1": 0.071067,
        "v2": -0.994588,
        "v3": 1.076599,
        "v4": -0.117908,
        "v5": -0.991098,
        "v6": -0.061833,
        "v7": 0.094278,
        "v8": -0.990128,
        "v9": 0.112584,
        "v10": 0.083492,
        "v11": -0.194121
      },
      "parent_index": 2
    },
    {
      "name": "biped R Calf",
      "index": 51,
      "binding_pose": {
        "scale": {
          "x": 1.0,
          "y": 1.0,
          "z": 1.0
        },
        "rotation": {
          "x": -0.0,
          "y": 0.0,
          "z": -0.022029,
          "w": 0.999757
        },
        "position": {
          "x": 0.520695,
          "y": -0.0,
          "z": 0.0
        }
      },
      "tpose_matrix": {
        "v0": -0.07052,
        "v1": 0.114653,
        "v2": -0.990899,
        "v3": 0.551212,
        "v4": -0.121131,
        "v5": -0.987005,
        "v6": -0.105582,
        "v7": 0.118673,
        "v8": -0.990128,
        "v9": 0.112583,
        "v10": 0.083492,
        "v11": -0.194121
      },
      "parent_index": 50
    },
    {
      "name": "biped R Foot",
      "index": 52,
      "binding_pose": {
        "scale": {
          "x": 1.0,
          "y": 1.0,
          "z": 1.0
        },
        "rotation": {
          "x": -0.006154,
          "y": 0.041513,
          "z": 0.053168,
          "w": 0.997703
        },
        "position": {
          "x": 0.454068,
          "y": 0.0,
          "z": -0.0
        }
      },
      "tpose_matrix": {
        "v0": -0.000001,
        "v1": 0.000001,
        "v2": -1.0,
        "v3": 0.124997,
        "v4": -0.105133,
        "v5": -0.994458,
        "v6": -0.000001,
        "v7": 0.109163,
